wave_peak	wave_base	wave_top	note
450.02722	449.99061	450.05163	Cr 1
450.97292	450.95461	450.99732	Fe 1
451.27188	451.24747	451.32069	Ti 1
451.44271	451.43051	451.47932	Fe 1
451.53423	451.47932	451.57694	Fe 2
451.80269	451.77828	451.82099	Ti 1
452.51043	452.44332	452.55314	Fe 1
452.59058	452.55398	452.61499	Ti 1
452.69347	452.66907	452.71178	Ca 1
453.16327	453.13886	453.19378	Fe 1
453.76805	453.74364	453.78025	Fe 1
454.70079	454.62757	454.75570	Fe 1
454.78689	454.75028	454.83569	Fe 1
455.54949	455.52509	455.56779	Ti 1
455.86613	455.83562	455.89663	Cr 2
456.37863	456.29932	456.40914	Ti 2
456.65319	456.60438	456.66539	Fe 1
456.95825	456.90944	456.98876	Cr 1
457.19620	457.13519	457.25111	Ti 2
457.47076	457.44635	457.50127	Fe 1
457.63549	457.59889	457.67820	Fe 2
457.85514	457.81243	457.88565	Ca 1
458.38028	458.35588	458.42909	Fe 2
458.59381	458.55110	458.61211	Ca 1
458.81954	458.79514	458.84394	Cr 2
459.20352	459.17911	459.22792	Cr 2
459.60010	459.57570	459.62451	Fe 2
459.87499	459.85668	459.89329	Fe 1
460.07600	460.05159	460.16142	Cr 1
460.19833	460.16783	460.23494	Fe 1
460.29564	460.25294	460.32615	Fe 1
460.45457	460.43626	460.47287	Fe 1
460.76544	460.74104	460.81425	Fe 1
461.25988	461.22937	461.27818	Fe 1
461.61352	461.58301	461.63792	Cr 1
462.30906	462.28466	462.33347	Ti 1
463.40127	463.34637	463.43788	Cr 1
463.99916	463.98085	464.01746	Ti 1
465.21326	465.17665	465.26817	Cr 1
465.45726	465.39015	465.49996	Fe 1
465.71967	465.67696	465.74407	Ti 2
466.04294	466.01243	466.06734	Fe 1
466.15275	466.11005	466.17105	Fe 1
466.19546	466.17105	466.22596	Fe 1
466.33578	466.29917	466.36018	Cr 1
466.81164	466.78724	466.84215	Fe 1
467.51324	467.48884	467.53764	Fe 1
468.14187	468.11746	468.16627	Fe 1
469.70379	469.66718	469.72820	Cr 1
469.86816	469.77665	469.90477	Ti 2
470.54536	470.52095	470.56976	Fe 1
471.44218	471.35677	471.47269	Fe 1
471.57688	471.54637	471.62569	Ni 1
471.68621	471.66791	471.69232	Fe 1
471.83923	471.80873	471.89414	Cr 1
472.96739	472.94299	472.98569	Fe 1
473.58419	473.55369	473.62690	Fe 1
474.27974	474.24923	474.34075	Ti 1
474.57870	474.54819	474.60921	Fe 1
475.60981	475.59151	475.62812	Cr 1
475.75624	475.71353	475.78675	Fe 1
477.28069	477.25018	477.31119	Fe 1
477.60492	477.55611	477.61103	Fe 1
478.78247	478.75806	478.83738	Fe 1
479.03872	479.00211	479.05703	Cr 1
479.98336	479.95896	480.03217	Fe 1
480.06373	480.03323	480.08814	Fe 1
480.10034	480.08814	480.13085	Cr 1
480.25180	480.22129	480.26400	Fe 1
480.28948	480.26508	480.31999	Fe 1
480.50913	480.47252	480.53353	Ti 2
480.69716	480.65445	480.72766	Ni 1
482.04054	481.99783	482.06495	Ti 1
482.93617	482.91786	483.00938	Cr 1
483.85739	483.82689	483.89400	Fe 1
484.27971	484.23700	484.29191	Fe 1
484.31631	484.29191	484.34072	Fe 1
484.40647	484.36986	484.47358	Fe 1
485.25591	485.22540	485.28641	Ni 1
485.97438	485.93778	486.00489	Fe 1
486.25502	486.23062	486.28553	Fe 1
486.56158	486.52497	486.59208	Ti 2
487.28607	487.26166	487.30437	Fe 1
487.34254	487.29983	487.37305	Ni 1
487.58659	487.56829	487.61099	Fe 1
487.63991	487.61551	487.70092	Cr 2
487.81844	487.78183	487.88555	Fe 1
488.21502	488.19061	488.25163	Fe 1
488.86008	488.79907	488.87838	Fe 1
488.90279	488.87838	488.94549	Fe 1
489.28884	489.25223	489.31935	Fe 1
490.33038	490.28158	490.36699	Fe 1
490.44198	490.39927	490.47859	Ni 1
490.51341	490.47070	490.56222	Fe 1
491.39803	491.37973	491.42244	Ni 1
491.72138	491.68477	491.76408	Fe 1
491.83729	491.81899	491.85560	Ni 1
492.05271	491.99780	492.14423	Fe 1
492.39438	492.34557	492.44319	Fe 2
492.74022	492.70361	492.76462	Fe 1
493.32788	493.26686	493.35838	Fe 1
493.58413	493.54142	493.60854	Ni 1
493.63294	493.60854	493.66955	Cr 1
493.82208	493.78547	493.85259	Fe 1
493.88309	493.85259	493.90140	Fe 1
493.92378	493.90548	493.94208	Fe 1
494.24917	494.21256	494.29798	Cr 1
494.76167	494.71897	494.78608	Si 1
496.19329	496.16279	496.21160	Fe 1
496.25648	496.21377	496.28699	Fe 1
496.78729	496.70188	496.81780	Fe 1
496.85828	496.81558	496.90709	Ti 1
497.05575	497.02524	497.09236	Fe 1
497.96254	497.93813	497.98694	Fe 1
498.17228	498.09906	498.20279	Ti 1
498.25160	498.20279	498.26990	Fe 1
498.46281	498.43840	498.49331	Fe 1
498.52615	498.49565	498.53836	Fe 1
498.55432	498.53602	498.57872	Fe 1
498.62143	498.57872	498.65803	Fe 1
499.27422	499.25592	499.30472	Fe 1
499.33523	499.30472	499.34743	Fe 2
499.37183	499.34743	499.39013	Fe 1
499.41454	499.39013	499.45114	Fe 1
499.55727	499.50846	499.59387	Fe 1
499.94775	499.92334	499.99046	Ti 1
500.18570	500.13078	500.22840	Fe 1
500.40534	500.38704	500.46025	Fe 1
501.09478	501.05818	501.12529	Ni 1
501.20818	501.14108	501.23869	Fe 1
501.49137	501.45476	501.56458	Fe 1
502.32114	502.30894	502.33944	Fe 1
502.77610	502.75170	502.79440	Fe 1
502.81271	502.79440	502.86761	Fe 1
503.53871	503.50820	503.56311	Ni 1
503.84375	503.80714	503.88645	Ti 1
503.92577	503.88306	503.96238	Fe 1
504.42333	504.38672	504.45993	Fe 1
504.84096	504.81655	504.86536	Fe 1
505.79886	505.76835	505.82936	Ni 1
506.40610	506.38170	506.43050	Ti 1
507.47670	507.42789	507.50721	Fe 1
508.33088	508.26987	508.36139	Fe 1
508.40718	508.38887	508.43768	Ni 1
508.81593	508.77323	508.83424	Fe 1
508.89830	508.87389	508.91660	Ni 1
509.44131	509.41691	509.47182	Ni 1
509.69756	509.64875	509.72807	Fe 1
510.29549	510.26498	510.33820	Ni 1
511.03984	510.99713	511.10085	Fe 1
511.34168	511.32338	511.37829	Ti 1
511.54014	511.48523	511.56455	Ni 1
512.04045	512.00384	512.10756	Ti 1
512.16247	512.10756	512.19298	Fe 1
513.03495	512.99835	513.09597	Ni 1
514.17589	514.14538	514.20640	Fe 1
514.81652	514.77381	514.85313	Fe 2
515.08498	515.03617	515.12159	Fe 1
515.51207	515.46936	515.53647	Ni 1
515.57308	515.53647	515.62189	Ni 1
519.14842	519.06300	519.17892	Fe 1
519.29485	519.27044	519.32536	Ti 1
519.54500	519.52060	519.57551	Fe 1
519.75854	519.72804	519.78295	Fe 1
519.87447	519.83176	519.91108	Fe 1
520.60662	520.53340	520.67984	Cr 1
520.65767	520.64546	520.68817	Cr 1
520.84679	520.80409	520.93830	Cr 1
521.15573	521.12523	521.18624	Ti 2
521.63163	521.58892	521.67434	Fe 1
521.74145	521.69875	521.76586	Fe 1
522.43700	522.38209	522.46751	Ti 1
522.55292	522.52242	522.58953	Fe 1
523.09800	523.07360	523.11630	Ti 1
523.46201	523.42540	523.49252	Fe 2
523.73249	523.67148	523.76909	Cr 2
524.14735	524.11684	524.17175	Cr 1
524.25106	524.21446	524.28767	Fe 1
524.33647	524.28767	524.35477	Cr 1
524.37720	524.35280	524.41381	Fe 1
525.30041	525.25160	525.32481	Fe 1
525.34921	525.32481	525.42852	Fe 1
525.98980	525.95320	526.01420	Ti 1
526.03674	526.00014	526.10386	Ca 1
526.16672	526.11792	526.19113	Ca 1
526.21978	526.19538	526.26249	Ca 1
526.32960	526.29300	526.36011	Fe 1
526.65297	526.61636	526.70178	Fe 1
526.72008	526.70178	526.76279	Fe 1
526.95193	526.87872	526.99464	Fe 1
527.52111	527.47230	527.55162	Cr 1
528.17829	528.08677	528.21489	Fe 1
528.36132	528.28811	528.39183	Fe 1
528.85553	528.80672	528.89213	Fe 1
529.25985	529.22935	529.28425	Fe 1
529.66699	529.62429	529.70360	Cr 1
529.73411	529.70360	529.77072	Cr 1
529.83173	529.77072	529.93545	Cr 1
530.07578	530.03917	530.14899	Cr 1
530.22831	530.16120	530.29542	Fe 1
530.41291	530.37630	530.44341	Cr 1
530.58373	530.55933	530.61424	Cr 2
531.28533	531.23042	531.30363	Cr 1
531.50496	531.43175	531.54157	Fe 1
531.75509	531.72459	531.78560	Fe 1
531.87711	531.85881	531.90152	Cr 1
532.41866	532.33325	532.47357	Fe 1
532.80304	532.70542	532.83355	Fe 1
533.99279	533.95618	534.06600	Fe 1
534.58461	534.53580	534.62732	Cr 1
536.53815	536.51375	536.59306	Fe 1
536.99461	536.90919	537.06172	Fe 1
538.63074	538.60634	538.66125	Fe 1
538.83207	538.78936	538.87478	Ni 1
538.94701	538.87990	539.01413	Fe 1
539.31919	539.25818	539.38020	Fe 1
539.71577	539.64256	539.78899	Fe 1
539.82560	539.78899	539.86830	Fe 1
540.05224	539.99733	540.09494	Fe 1
540.13155	540.09494	540.16205	Ti 1
540.57605	540.48453	540.63096	Fe 1
540.67452	540.65012	540.70503	Fe 1
541.08938	541.02837	541.17479	Fe 1
541.52254	541.44933	541.59575	Fe 1
541.87562	541.84511	541.91833	Ti 2
542.40716	542.31565	542.43767	Fe 1
542.46134	542.44304	542.49185	Ni 2
542.46207	542.43767	542.49868	Ni 1
542.52308	542.49868	542.57799	Fe 2
543.29111	543.27281	543.33382	Fe 1
543.66394	543.60903	543.68834	Fe 1
544.13370	544.09100	544.17031	Fe 1
544.50585	544.47535	544.56076	Fe 1
544.68888	544.58516	544.76819	Fe 1
546.64071	546.57359	546.67121	Fe 1
546.69605	546.67165	546.73876	Fe 1
547.39116	547.34235	547.45217	Fe 1
547.69049	547.57458	547.73930	Ni 1
549.01410	548.98969	549.04460	Ti 1
549.06901	549.04460	549.11172	Ti 2
549.65496	549.61836	549.67937	Fe 1
550.14893	550.10012	550.18554	Fe 1
551.18017	551.14967	551.19847	Ti 1
551.29597	551.27156	551.33868	Ca 1
553.27888	553.24227	553.32769	Fe 1
553.48632	553.41311	553.51073	Fe 2
553.65711	553.60221	553.69372	Fe 1
554.31600	554.27940	554.35261	Fe 1
554.99320	554.96879	555.02980	Fe 1
555.48754	555.43873	555.52414	Fe 1
556.01814	555.99374	556.08525	Fe 1
556.01835	555.98784	556.05495	Fe 1
556.36002	556.32341	556.40883	Fe 1
556.73804	556.70143	556.77464	Fe 1
556.88446	556.83565	556.91496	Fe 1
556.96404	556.91523	557.01285	Fe 1
557.28741	557.20809	557.35452	Fe 1
558.67239	558.58698	558.72120	Fe 1
558.78792	558.72691	558.82453	Ni 1
558.87374	558.82493	558.91034	Ca 1
559.22718	559.16617	559.27599	Ni 1
559.37404	559.33743	559.40455	Ni 1
559.45291	559.40411	559.49562	Ca 1
561.47839	561.44789	561.49669	Ni 1
561.53330	561.49669	561.53940	Fe 1
561.56439	561.49728	561.65591	Fe 1
561.86335	561.82065	561.89386	Fe 1
562.00917	561.98476	562.01527	Fe 1
562.04639	562.01589	562.07690	Fe 1
562.45518	562.42467	562.49789	Fe 1
562.86328	562.84498	562.89989	Cr 1
563.66859	563.63809	563.68690	Fe 1
563.82722	563.79061	563.85772	Fe 1
565.51715	565.46834	565.52325	Fe 1
565.54765	565.52325	565.59646	Fe 1
566.06102	566.03052	566.10983	Si 1
566.13333	566.10283	566.16994	Fe 1
566.55429	566.51769	566.60920	Si 1
567.84767	567.80496	567.87817	Fe 1
567.90258	567.87817	567.94528	Fe 1
581.63070	581.57634	581.67600	Fe 1
585.96131	585.90695	586.01567	Fe 1
592.78339	592.73809	592.81057	Fe 1
595.31109	595.30203	595.37451	Ti 1
596.57947	596.52511	596.63383	Ti 1
600.79230	600.75606	600.81948	Fe 1
605.60309	605.54873	605.65745	Fe 1
610.26892	610.24174	610.29610	Ca 1
610.32328	610.29610	610.39576	Fe 1
612.21679	612.13525	612.28021	Ca 1
612.49764	612.46140	612.56106	Si 1
612.79662	612.75132	612.85098	Fe 1
613.17713	613.08654	613.24961	Si 1
613.66637	613.61201	613.72979	Fe 1
614.24620	614.21902	614.29150	Si 1
614.49987	614.46363	614.59047	Si 1
614.78073	614.73543	614.82603	Fe 2
615.76825	615.71389	615.86791	Fe 1
616.13065	616.10347	616.15783	Ca 1
616.22125	616.15783	616.29373	Ca 1
616.53834	616.49304	616.57458	Fe 1
616.64706	616.60176	616.69236	Ca 1
616.90074	616.82826	616.92792	Ca 1
616.95510	616.92792	617.00946	Ca 1
617.05475	617.00946	617.12723	Fe 1
617.53493	617.47151	617.58023	Ni 1
617.67988	617.61647	617.71612	Ni 1
618.01510	617.96074	618.09664	Fe 1
619.15664	619.05698	619.27442	Fe 1
620.03545	619.99015	620.08981	Fe 1
623.07050	623.02520	623.17016	Fe 1
623.73187	623.67751	623.78623	Si 1
624.06709	624.01273	624.12145	Fe 1
624.38418	624.34794	624.41136	Si 1
625.25393	625.20863	625.33547	Fe 1
625.80658	625.75222	625.83376	Ti 1
626.10556	626.06932	626.16897	Ti 1
630.14625	630.09189	630.21873	Fe 1
633.67960	633.61618	633.73396	Fe 1
636.44286	636.37944	636.52440	Fe 1
640.00338	639.90372	640.09398	Fe 1
640.72817	640.65569	640.75535	Si 1
641.68852	641.64322	641.73382	Fe 2
643.08374	643.02032	643.15621	Fe 1
644.98631	644.94101	645.06784	Ca 1
645.55708	645.52084	645.60238	Ca 1
646.26375	646.20033	646.31811	Ca 1
647.16067	647.06101	647.21503	Ca 1
649.38034	649.33504	649.41658	Ca 1
649.49812	649.46188	649.54342	Fe 1
649.89675	649.84239	649.92393	Fe 1
660.91354	660.85012	660.94978	Fe 1
671.76726	671.70384	671.82161	Ca 1
675.27342	675.21000	675.31872	Fe 1
680.69122	680.61874	680.74558	Fe 1
682.85653	682.81123	682.91088	Fe 1
684.36046	684.31516	684.41482	Fe 1
685.51106	685.43859	685.55636	Fe 1
685.81004	685.76474	685.87346	Fe 1
751.10446	751.03198	751.18600	Fe 1
780.78456	780.74832	780.83892	Fe 1
846.84001	846.77659	846.93967	Fe 1
855.68244	855.60090	855.79115	Si 1
868.86453	868.78299	868.93701	Fe 1
580.77911	580.74288	580.80629	Fe 1
583.16176	583.11646	583.20705	Ni 1
583.84122	583.78686	583.91369	Fe 1
584.81058	584.77434	584.85588	Fe 1
585.22732	585.17296	585.28167	Fe 1
585.74371	585.66217	585.80712	Ca 1
585.87960	585.85242	585.90678	Fe 1
590.56335	590.51805	590.60865	Fe 1
602.70305	602.65775	602.75740	Fe 1
606.28154	606.21812	606.32684	Fe 1
609.66978	609.62449	609.69696	Fe 1
625.42421	625.32456	625.47857	Fe 1
626.51135	626.43887	626.57477	Fe 1
631.53030	631.50312	631.55748	Fe 1
633.00699	632.94358	633.05229	Cr 1
639.24897	639.15838	639.28521	Fe 1
639.35769	639.30333	639.42110	Fe 1
641.16958	641.12428	641.20582	Fe 1
643.90554	643.84213	643.96896	Ca 1
649.16004	649.11474	649.21439	Ti 2
649.96633	649.93009	650.01163	Ca 1
650.12034	650.06599	650.13846	Cr 1
650.88134	650.85416	650.92664	Ca 1
666.11032	666.07408	666.16467	Cr 1
666.33680	666.26433	666.40022	Fe 1
666.74448	666.69012	666.79884	Fe 1
677.22629	677.18100	677.28065	Ni 1
678.68487	678.65769	678.73923	Fe 1
679.84448	679.78107	679.87166	Ca 1
680.40617	680.35181	680.46053	Fe 1
681.02221	680.98598	681.06751	Fe 1
681.95534	681.91910	681.99158	Fe 1
684.12961	684.05714	684.16585	Fe 1
686.02305	685.98681	686.05928	Fe 1
744.57444	744.50196	744.62879	Fe 1
746.23232	746.18702	746.28668	Cr 1
749.50279	749.43032	749.56621	Fe 1
778.05826	777.98578	778.12168	Fe 1
783.22216	783.14968	783.27652	Fe 1
849.80931	849.70965	850.04485	Ca 2
868.97010	868.93386	869.06069	Fe 1
