element	wave_A	wave_nm	loggf	lower_state_eV	lower_state_cm1	lower_j	upper_state_eV	upper_state_cm1	upper_j	upper_g	lande_lower	lande_upper	spectrum_transition_type	turbospectrum_rad	rad	stark	waals	waals_single_gamma_format	turbospectrum_fdamp	spectrum_fudge_factor	theoretical_depth	theoretical_ew	lower_orbital_type	upper_orbital_type	molecule	spectrum_synthe_isotope	ion	spectrum_moog_species	turbospectrum_species	width_species	reference_code	spectrum_support	turbospectrum_support	moog_support	width_support	synthe_support	sme_support	wave_peak	wave_base	wave_top	note	peak	base	top	depth	relative_depth	wave_base_fit	wave_top_fit	base_fit	top_fit	mu	sig	A	baseline	gamma	mu_err	fwhm	fwhm_kms	R	depth_fit	relative_depth_fit	integrated_flux	ewr	ew	ew_err	snr	mean_flux	mean_flux_continuum	diff_wavelength	rms	telluric_wave_peak	telluric_fwhm	telluric_R	telluric_depth	grouped	reference_for_group	discarded
Fe 1	3763.789	376.3789	-0.238	0.9900	7984.889	2.0	4.2830	34544.725	2.0	5.0	1.000	1.000	AO	1.45E+08	8.160	-6.110	287.271	-7.682	287.271	1.000	1.000	1375.700	s	p	F	0	1	26.0	26.000000	26.00	FMW    N B	T	T	T	F	T	T	376.3790	376.3350	376.4290		1370	1325	1419	0.814	0.742	376.3760	376.3820	1366	1372	376.3815	0.0060	-0.8449	1.000	9999.0000	29498.7613	0.0141	11.2539	26639	0.845	0.066	0.0127	-4.47	127.1	13.0	32.0	0.460	1.000	0.0360	0.103	0.0000	0.0000	0	0.000	False	False	False
Fe 1	3767.192	376.7192	-0.389	1.0110	8154.265	1.0	4.3010	34689.905	1.0	3.0	-0.010	-0.020	AO	1.45E+08	8.160	-6.110	289.272	-7.679	289.272	1.000	1.000	1136.090	s	p	F	0	1	26.0	26.000000	26.00	FMW    N B	T	T	T	T	T	T	376.7190	376.6700	376.7630		1710	1660	1753	0.773	0.700	376.6700	376.7630	1660	1753	376.7257	0.0247	-0.8119	1.000	9999.0000	0.0008	0.0582	46.2945	6476	0.812	0.650	0.0503	-3.87	502.7	33.7	45.4	0.699	1.000	0.1482	0.074	0.0000	0.0000	0	0.000	False	False	False
Fe 1	3787.880	378.7880	-0.859	1.0110	8154.265	1.0	4.2830	34544.725	2.0	5.0	-0.010	1.000	AO	1.45E+08	8.160	-6.110	287.271	-7.682	287.271	1.000	1.000	667.960	s	p	F	0	1	26.0	26.000000	26.00	FMW    N B	T	T	T	T	T	T	378.7880	378.7570	378.8290		3779	3747	3819	0.428	0.355	378.7840	378.7940	3774	3784	378.7924	0.0100	-0.4487	1.000	9999.0000	40374.0693	0.0235	18.6370	16086	0.449	0.122	0.0112	-4.53	112.5	13.7	50.2	1.019	1.000	0.0600	0.007	0.0000	0.0000	0	0.000	False	False	False
Fe 1	3795.002	379.5002	-0.761	0.9900	7984.889	2.0	4.2560	34326.955	3.0	7.0	1.000	1.240	AO	1.45E+08	8.160	-6.120	285.269	-7.684	285.269	1.000	1.000	762.550	s	p	F	0	1	26.0	26.000000	26.00	FMW    N B	T	T	T	F	T	T	379.5000	379.4590	379.5390		4491	4449	4529	0.642	0.570	379.4590	379.5390	4449	4529	379.5060	0.0203	-0.6874	1.000	9999.0000	9532.4263	0.0478	37.7433	7943	0.687	0.660	0.0350	-4.04	349.6	27.1	48.7	0.763	1.000	0.1217	0.024	0.0000	0.0000	0	0.000	False	False	False
Fe 1	3815.840	381.5840	0.237	1.4850	11977.333	4.0	4.7330	38174.220	3.0	7.0	1.250	1.320	AO	1.62E+08	8.210	-5.910	337.250	-7.608	337.250	1.000	1.000	1512.400	s	p	F	0	1	26.0	26.000000	26.00	BWL    E 0	T	T	T	T	T	T	381.5840	381.5500	381.5910		6575	6540	6581	0.718	0.645	381.5800	381.5870	6570	6577	381.5850	0.0070	-0.7339	1.000	9999.0000	28921.6494	0.0165	12.9505	23149	0.734	0.096	0.0129	-4.47	128.8	7.9	53.4	0.901	1.000	0.0420	0.031	0.0000	0.0000	0	0.000	False	False	False
Fe 1	3820.425	382.0425	0.119	0.8590	6928.302	5.0	4.1030	33092.927	4.0	9.0	1.400	1.500	AO	1.95E+08	8.290	-6.160	272.257	-7.702	272.257	1.000	1.000	2371.450	s	p	F	0	1	26.0	26.000000	26.00	FMW    N B	T	T	T	F	T	T	382.0430	381.9970	382.0470		7034	6987	7037	0.933	0.860	381.9970	382.0470	6987	7037	382.0436	0.0189	-0.9378	1.000	9999.0000	9938.0529	0.0446	34.9645	8574	0.938	0.552	0.0445	-3.93	444.8	13.6	70.4	1.086	1.000	0.1135	0.219	0.0000	0.0000	0	0.000	False	False	False
Fe 1	3824.443	382.4443	-1.362	0.0000	0.000	4.0	3.2410	26140.428	3.0	7.0	1.500	1.500	AO	1.45E+07	7.160	-6.220	230.247	-7.773	230.247	1.000	1.000	1040.500	s	p	F	0	1	26.0	26.000000	26.00	FMW    N B	T	T	T	F	T	T	382.4440	382.4060	382.4920		7435	7396	7482	0.640	0.567	382.4400	382.4460	7430	7436	382.4449	0.0060	-0.6476	1.000	9999.0000	0.0070	0.0141	11.0754	27068	0.648	0.141	0.0097	-4.59	97.4	6.6	59.1	0.834	1.000	0.0360	0.019	0.0000	0.0000	0	0.000	False	False	False
Fe 1	3825.881	382.5881	-0.037	0.9150	7379.973	4.0	4.1540	33504.270	3.0	7.0	1.350	1.490	AO	2.00E+08	8.300	-6.160	276.261	-7.697	276.261	1.000	1.000	1879.760	s	p	F	0	1	26.0	26.000000	26.00	FMW    N B	T	T	T	F	T	T	382.5880	382.5400	382.6380		7579	7530	7628	0.880	0.808	382.5870	382.5920	7577	7582	382.5908	0.0050	-0.9137	1.000	9999.0000	0.0051	0.0118	9.2260	32494	0.914	0.057	0.0115	-4.52	114.5	8.4	40.2	0.427	1.000	0.0300	0.078	0.0000	0.0000	0	0.000	False	False	False
Fe 1	3827.822	382.7822	0.062	1.5570	12558.052	3.0	4.7960	38682.349	2.0	5.0	1.090	1.150	AO	1.58E+08	8.200	-5.890	345.246	-7.597	345.246	1.000	1.000	1162.170	s	p	F	0	1	26.0	26.000000	26.00	FMW    N B	T	T	T	T	T	T	382.7830	382.7360	382.8220		7774	7726	7812	0.586	0.514	382.7830	382.7850	7773	7775	382.7830	0.0020	-0.7541	1.000	9999.0000	61072.0500	0.0047	3.6886	81276	0.754	0.185	0.0038	-5.01	37.8	3.3	44.1	0.467	1.000	0.0120	0.143	0.0000	0.0000	0	0.000	False	False	False
Fe 1	3834.222	383.4222	-0.302	0.9580	7726.791	3.0	4.1910	33802.695	2.0	5.0	1.250	1.500	AO	1.95E+08	8.290	-6.160	279.264	-7.693	279.264	1.000	1.000	1333.570	s	p	F	0	1	26.0	26.000000	26.00	FMW    N B	T	T	T	F	T	T	383.4230	383.3760	383.4270		8414	8366	8417	0.843	0.770	383.4150	383.4270	8405	8417	383.4235	0.0120	-0.8588	1.000	9999.0000	0.0107	0.0283	22.0943	13569	0.859	0.141	0.0258	-4.17	258.3	16.0	47.8	0.573	1.000	0.0720	0.023	0.0000	0.0000	0	0.000	False	False	False
Fe 1	3856.371	385.6371	-1.286	0.0520	419.408	3.0	3.2660	26342.067	2.0	5.0	1.500	1.500	AO	1.41E+07	7.150	-6.220	231.247	-7.771	231.247	1.000	1.000	1083.140	s	p	F	0	1	26.0	26.000000	26.00	FMW    N B	T	T	T	F	T	T	385.6370	385.5910	385.6830		10628	10581	10673	0.644	0.571	385.6360	385.6420	10626	10632	385.6407	0.0060	-0.6775	1.000	9999.0000	0.0105	0.0141	10.9837	27294	0.678	0.050	0.0102	-4.58	101.9	6.3	62.2	0.784	1.000	0.0360	0.057	0.0000	0.0000	0	0.000	False	False	False
Fe 1	3859.911	385.9911	-0.710	0.0000	0.000	4.0	3.2110	25898.462	4.0	9.0	1.500	1.500	AO	1.51E+07	7.180	-6.220	228.247	-7.777	228.247	1.000	1.000	2207.500	s	p	F	0	1	26.0	26.000000	26.00	FMW    N B	T	T	T	F	T	T	385.9910	385.9420	386.0410		10982	10932	11031	0.923	0.850	385.9890	385.9950	10979	10985	385.9935	0.0060	-0.9499	1.000	9999.0000	0.0021	0.0141	10.9736	27319	0.950	0.048	0.0143	-4.43	142.9	9.7	40.1	0.455	1.000	0.0360	0.085	0.0000	0.0000	0	0.000	False	False	False
Fe 1	3865.523	386.5523	-0.982	1.0110	8154.265	1.0	4.2180	34020.465	1.0	3.0	-0.010	1.490	AO	2.04E+08	8.310	-6.160	282.266	-7.688	282.266	1.000	1.000	589.710	s	p	F	0	1	26.0	26.000000	26.00	FMW    N B	T	T	T	T	T	T	386.5530	386.5120	386.5980		11544	11502	11588	0.225	0.152	386.5510	386.5570	11541	11547	386.5569	0.0055	-0.2601	1.000	9999.0000	0.0097	0.0130	10.0749	29756	0.260	0.097	0.0036	-5.03	36.0	5.9	68.8	1.130	1.000	0.0331	0.006	0.0000	0.0000	0	0.000	False	False	False
Fe 1	3872.501	387.2501	-0.928	0.9900	7984.889	2.0	4.1910	33802.695	2.0	5.0	1.000	1.500	AO	1.95E+08	8.290	-6.160	280.264	-7.691	280.264	1.000	1.000	640.150	s	p	F	0	1	26.0	26.000000	26.00	FMW    N B	T	T	T	F	T	T	387.2500	387.2010	387.3000		12241	12191	12290	0.368	0.296	387.2470	387.2530	12237	12243	387.2526	0.0054	-0.3805	1.000	9999.0000	0.0153	0.0128	9.8918	30307	0.380	0.140	0.0052	-4.87	51.8	5.4	72.6	0.951	1.000	0.0326	0.007	0.0000	0.0000	0	0.000	False	False	False
Fe 1	3887.048	388.7048	-1.144	0.9150	7379.973	4.0	4.1030	33092.927	4.0	9.0	1.350	1.500	AO	1.95E+08	8.290	-6.160	272.257	-7.702	272.257	1.000	1.000	539.770	s	p	F	0	1	26.0	26.000000	26.00	FMW    N B	T	T	T	F	T	T	388.7050	388.7050	388.7550		13696	13695	13745	0.572	0.499	388.7050	388.7550	13695	13745	388.7132	0.0198	-0.5999	1.000	9999.0000	0.0031	0.0465	35.8741	8357	0.600	0.366	0.0297	-4.12	297.1	27.5	53.8	0.563	1.000	0.1185	0.073	0.0000	0.0000	0	0.000	False	False	False
Fe 1	3888.513	388.8513	-0.548	1.6080	12969.395	2.0	4.7960	38682.349	2.0	5.0	0.670	1.150	AO	1.58E+08	8.200	-5.890	346.246	-7.596	346.246	1.000	1.000	560.940	s	p	F	0	1	26.0	26.000000	26.00	BWL    E 0	T	T	T	T	T	T	388.8520	388.8120	388.9020		13843	13802	13892	0.706	0.633	388.8120	388.9020	13802	13892	388.8912	0.0513	-0.9321	1.000	9999.0000	0.0005	0.1208	93.1458	3219	0.932	0.643	0.1199	-3.51	1198.9	60.7	51.7	0.561	1.000	0.3079	0.026	0.0000	0.0000	0	0.000	False	False	False
Fe 1	3895.656	389.5656	-1.670	0.1100	887.210	1.0	3.2920	26551.771	0.0	1.0	1.500	0.000	AO	1.38E+07	7.140	-6.220	233.247	-7.768	233.247	1.000	1.000	667.100	s	p	F	0	1	26.0	26.000000	26.00	FMW    N B	T	T	T	F	T	T	389.5660	389.5200	389.6160		14557	14510	14606	0.560	0.488	389.5650	389.5730	14555	14563	389.5705	0.0080	-0.5992	1.000	9999.0000	0.0073	0.0188	14.4971	20679	0.599	0.065	0.0120	-4.51	120.2	7.7	69.1	0.831	1.000	0.0480	0.026	0.0000	0.0000	0	0.000	False	False	False
Fe 1	3906.479	390.6479	-2.243	0.1100	887.210	1.0	3.2830	26479.181	1.0	3.0	1.500	1.500	AO	1.38E+07	7.140	-6.220	233.247	-7.768	233.247	1.000	1.000	354.330	s	p	F	0	1	26.0	26.000000	26.00	FMW    N B	T	T	T	F	T	T	390.6450	390.6120	390.6860		15636	15602	15676	0.202	0.130	390.6440	390.6510	15634	15641	390.6496	0.0063	-0.2350	1.000	9999.0000	0.0082	0.0148	11.3836	26336	0.235	0.054	0.0037	-5.02	37.1	5.4	88.4	1.071	1.000	0.0378	0.009	0.0000	0.0000	0	0.000	False	False	False
Fe 1	3920.258	392.0258	-1.746	0.1210	975.931	0.0	3.2830	26479.181	1.0	3.0	0.000	1.500	AO	1.38E+07	7.140	-6.220	233.247	-7.768	233.247	1.000	1.000	609.200	s	p	F	0	1	26.0	26.000000	26.00	FMW    N B	T	T	T	F	T	T	392.0260	391.9950	392.0710		17017	16985	17061	0.457	0.384	392.0250	392.0290	17015	17019	392.0286	0.0040	-0.4920	1.000	9999.0000	0.0074	0.0094	7.2031	41620	0.492	0.082	0.0049	-4.90	49.3	4.4	66.3	0.745	1.000	0.0240	0.038	0.0000	0.0000	0	0.000	False	False	False
Fe 1	3922.912	392.2912	-1.651	0.0520	419.408	3.0	3.2110	25898.462	4.0	9.0	1.500	1.500	AO	1.51E+07	7.180	-6.220	229.247	-7.775	229.247	1.000	1.000	726.070	s	p	F	0	1	26.0	26.000000	26.00	FMW    N B	T	T	T	F	T	T	392.2910	392.2500	392.3410		17282	17240	17331	0.529	0.456	392.2870	392.2930	17277	17283	392.2925	0.0060	-0.5379	1.000	9999.0000	43174.5997	0.0141	10.7974	27765	0.538	0.125	0.0081	-4.69	80.9	5.5	75.5	0.837	1.000	0.0360	0.027	0.0000	0.0000	0	0.000	False	False	False
Fe 1	3927.920	392.7920	-1.522	0.1100	887.210	1.0	3.2660	26342.067	2.0	5.0	1.500	1.500	AO	1.41E+07	7.150	-6.220	232.247	-7.770	232.247	1.000	1.000	793.950	s	p	F	0	1	26.0	26.000000	26.00	BWL    E 0	T	T	T	F	T	T	392.7920	392.7430	392.8420		17783	17733	17832	0.546	0.473	392.7870	392.7950	17777	17785	392.7949	0.0080	-0.5725	1.000	9999.0000	35652.9317	0.0188	14.3781	20851	0.572	0.134	0.0115	-4.53	114.8	6.2	85.1	0.893	1.000	0.0480	0.039	0.0000	0.0000	0	0.000	False	False	False
Fe 1	3930.297	393.0297	-1.491	0.0870	701.702	2.0	3.2410	26140.428	3.0	7.0	1.500	1.500	AO	1.45E+07	7.160	-6.220	231.247	-7.771	231.247	1.000	1.000	842.250	s	p	F	0	1	26.0	26.000000	26.00	BWL    E 0	T	T	T	F	T	T	393.0300	392.9810	393.0800		18021	17971	18070	0.633	0.561	392.9810	393.0800	17971	18070	393.0369	0.0149	-0.6926	1.000	9999.0000	0.0054	0.0351	26.7564	11205	0.693	0.501	0.0259	-4.18	258.6	9.5	95.2	0.960	1.000	0.0894	0.081	0.0000	0.0000	0	0.000	False	False	False
Fe 1	4063.594	406.3594	0.062	1.5570	12558.052	3.0	4.6080	37166.027	3.0	7.0	1.090	1.090	AO	1.20E+08	8.080	-6.240	323.255	-7.627	323.255	1.000	1.000	1195.880	s	p	F	0	1	26.0	26.000000	26.00	BWL    E 0	T	T	T	T	T	T	406.3600	406.3110	406.4100		31351	31301	31400	0.741	0.668	406.3570	406.3670	31347	31357	406.3647	0.0100	-0.7817	1.000	9999.0000	0.0051	0.0235	17.3725	17257	0.782	0.094	0.0196	-4.32	195.9	6.0	102.6	0.739	1.000	0.0600	0.045	0.0000	0.0000	0	0.000	False	False	False
Fe 1	4071.738	407.1738	-0.022	1.6080	12969.395	2.0	4.6520	37520.911	2.0	5.0	0.670	0.690	AO	1.17E+08	8.070	-6.240	329.252	-7.619	329.252	1.000	1.000	1039.600	s	p	F	0	1	26.0	26.000000	26.00	FMW    N B	T	T	T	T	T	T	407.1740	407.1740	407.2240		32165	32165	32214	0.702	0.629	407.1750	407.2240	32165	32214	407.1808	0.0167	-0.7383	1.000	9999.0000	21400.4216	0.0392	28.8683	10385	0.738	0.684	0.0308	-4.12	308.1	8.8	115.4	0.879	1.000	0.0999	0.053	0.0000	0.0000	0	0.000	False	False	False
Fe 1	4202.029	420.2029	-0.708	1.4850	11977.333	4.0	4.4350	35770.688	4.0	9.0	1.250	1.100	AO	9.77E+07	7.990	-6.080	306.265	-7.653	306.265	1.000	1.000	545.220	s	p	F	0	1	26.0	26.000000	26.00	FMW    N B	T	T	T	T	T	T	420.2030	420.1540	420.2530		45194	45144	45243	0.434	0.361	420.2010	420.2050	45191	45195	420.2044	0.0040	-0.4458	1.000	9999.0000	0.0148	0.0094	6.7201	44611	0.446	0.053	0.0045	-4.97	44.7	2.8	110.0	0.668	1.000	0.0240	0.040	0.0000	0.0000	0	0.000	False	False	False
Fe 1	4250.787	425.0787	-0.714	1.5570	12558.052	3.0	4.4730	36077.178	3.0	7.0	1.090	0.790	AO	9.12E+07	7.960	-6.080	310.262	-7.646	310.262	1.000	0.990	510.400	s	p	F	0	1	26.0	26.000000	26.00	BWL    E 0	T	T	T	T	T	T	425.0790	425.0390	425.1290		50070	50029	50119	0.527	0.455	425.0790	425.0810	50069	50071	425.0790	0.0020	-0.6656	1.000	9999.0000	90643.7083	0.0047	3.3215	90257	0.666	0.143	0.0033	-5.11	33.4	1.3	114.7	0.506	1.000	0.0120	0.116	0.0000	0.0000	0	0.000	False	False	False
Fe 1	4271.760	427.1760	-0.164	1.4850	11977.333	4.0	4.3870	35383.542	5.0	11.0	1.250	1.250	AO	1.05E+08	8.020	-6.070	301.266	-7.660	301.266	1.000	1.000	1013.740	s	p	F	0	1	26.0	26.000000	26.00	FMW    N B	T	T	T	T	T	T	427.1760	427.1340	427.2260		52167	52124	52216	0.782	0.710	427.1750	427.1800	52165	52170	427.1788	0.0050	-0.8147	1.000	9999.0000	0.0075	0.0118	8.2630	36281	0.815	0.060	0.0102	-4.62	102.1	4.5	84.8	0.378	1.000	0.0300	0.065	0.0000	0.0000	0	0.000	False	False	False
Fe 1	4294.124	429.4124	-1.110	1.4850	11977.333	4.0	4.3710	35254.493	4.0	9.0	1.250	1.100	AO	1.12E+08	8.050	-6.060	300.266	-7.661	300.266	1.000	0.970	354.670	s	p	F	0	1	26.0	26.000000	26.00	BWL    E 0	T	T	T	T	T	T	429.4100	429.3610	429.4600		54401	54351	54450	0.827	0.755	429.4070	429.4120	54397	54402	429.4110	0.0050	-0.8405	1.000	9999.0000	0.0037	0.0118	8.2201	36471	0.841	0.074	0.0105	-4.61	105.3	4.2	88.7	0.381	1.000	0.0300	0.072	0.0000	0.0000	0	0.000	False	False	False
Fe 1	4307.902	430.7902	-0.073	1.5570	12558.052	3.0	4.4350	35770.688	4.0	9.0	1.090	1.100	AO	9.77E+07	7.990	-6.080	306.263	-7.652	306.263	1.000	1.000	1056.120	s	p	F	0	1	26.0	26.000000	26.00	BWL    E 0	T	T	T	T	T	T	430.7900	430.7410	430.8400		55781	55731	55830	0.862	0.790	430.7870	430.7930	55777	55783	430.7914	0.0060	-0.8857	1.000	9999.0000	27240.0194	0.0141	9.8325	30490	0.886	0.050	0.0133	-4.51	133.2	5.5	81.8	0.342	1.000	0.0360	0.071	0.0000	0.0000	0	0.000	False	False	False
Fe 1	4383.544	438.3544	0.200	1.4850	11977.333	4.0	4.3130	34786.691	5.0	11.0	1.250	1.220	AO	1.02E+08	8.010	-6.080	295.265	-7.669	295.265	1.000	1.000	1555.300	s	p	F	0	1	26.0	26.000000	26.00	FMW    N B	T	T	T	T	T	T	438.3550	438.3060	438.4050		63346	63296	63395	0.904	0.832	438.3530	438.3570	63343	63347	438.3560	0.0040	-0.9272	1.000	9999.0000	0.0054	0.0094	6.4419	46538	0.927	0.045	0.0093	-4.67	93.0	5.4	69.5	0.178	1.000	0.0240	0.087	0.0000	0.0000	0	0.000	False	False	False
