waveobs	wave_base	wave_top	element	flux	error_f
376.14099999997325	376.0749999999748	376.2099999999716	Ti 2	-0.03177769108179672	0.04383888228101345
376.3849999999675	376.3399999999685	376.43399999996626	Fe 1	0.1110952052299672	0.04475258266699444
376.7259999999594	376.6699999999608	376.7549999999587	Fe 1	0.17848277888127506	0.045666337574412484
376.9419999999543	376.9409999999543	376.95099999995415	Ni2	0.41419089419221744	0.04419655047070602
377.0669999999514	377.0579999999516	377.0679999999513	H	-0.018008362077278045	0.04265340426584662
377.4369999999426	377.42799999994276	377.43799999994263	Y2	0.3338476379084239	0.041112150036865774
378.348999999921	378.32499999992166	378.37499999992036	Fe2	0.8687040409813437	0.03957300884534458
378.80099999991035	378.75799999991136	378.8209999999099	Ti 2	0.4876681515986727	0.03803623720513925
378.8739999999086	378.86499999990883	378.8749999999086	Fe 1	0.539927835189919	0.036502134397997314
379.5079999998936	379.4579999998948	379.53799999989286	Y2	0.2793395881988248	0.03542427500483922
379.79399999988686	379.78499999988713	379.79499999988684	Fe 1	0.008515418338719438	0.034411219047703334
381.46699999984736	381.41799999984846	381.50999999984634	H	0.3295331777648703	0.033398197335886316
381.58999999984434	381.5499999998453	381.62999999984345	Fe 1	0.2731718398350777	0.03238521308300789
382.0409999998337	381.9979999998348	382.1019999998323	Ti 2	0.06209664761995987	0.031372269917621286
382.454999999824	382.4049999998251	382.49099999982315	Ti 2	0.32572334467042235	0.030359371952390312
382.5959999998206	382.5499999998217	382.6459999998194	Fe 1	0.08542236739075289	0.028191681291823582
382.790999999816	382.74299999981713	382.82299999981524	Fe 1	0.3349058338869235	0.0256966582153912
382.9389999998125	382.9299999998127	382.93999999981247	Fe 1	0.19576149147357624	0.0232210658967335
383.2339999998055	383.2249999998057	383.23499999980555	Fe 1	0.0782286154522673	0.02077185277930637
383.42599999980104	383.3769999998021	383.4689999998	Fe 1	0.15393671278161036	0.018359579051624445
383.53499999979834	383.53399999979837	383.5439999997982	Mg1	0.11185499545559552	0.016000960176922114
383.8279999997915	383.8239999997916	383.8339999997913	Mg1	0.012226720221927265	0.018198589626904942
384.3069999997802	384.29799999978036	384.3079999997801	Fe 1	0.969751284627038	0.02275924241539235
385.0049999997637	384.96499999976464	385.0299999997631	H	0.6369455515884208	0.027415716889446582
385.09099999976166	385.0549999997625	385.114999999761	Mg1	1.1559268309307111	0.032126374151584064
385.64599999974854	385.5969999997496	385.6849999997476	Fe 1	0.3093899771286914	0.03687045247916602
385.829999999744	385.82499999974425	385.834999999744	Fe 1	1.195886488589064	0.04163652942110931
385.9939999997402	385.93499999974165	386.04299999973915	Zr2	0.06312391013158032	0.04311077583224432
386.56099999972685	386.5319999997275	386.590999999726	Fe 1	0.7350234962185211	0.04209615743432375
387.2569999997104	387.2039999997117	387.2919999997096	Fe 1	0.6013249717210678	0.041083210238976715
388.23899999968717	388.20999999968797	388.2639999996867	Fe 1	0.8604485436902636	0.04007206098108502
388.63699999967776	388.59399999967883	388.66699999967705	Ni2	0.09619621689465932	0.03906284928075361
388.7149999996759	388.6789999996768	388.73799999967537	Fe 1	0.3934178386375679	0.03805572928636624
388.8919999996717	388.81899999967345	388.97799999966975	Fe 1	0.054127747144741716	0.03752285532119997
389.5699999996557	389.5329999996565	389.598999999655	Fe 1	0.4068057237383945	0.037517224193797966
390.3019999996384	390.2529999996395	390.35599999963716	Fe 1	0.5927452470386761	0.03751175413147178
390.6499999996302	390.61399999963095	390.68099999962936	Fe 1	0.7637729264624155	0.037506445204692235
391.35699999961344	391.30199999961474	391.3979999996125	Ti 2	0.08878555152285905	0.03750129748189348
391.44899999961126	391.40499999961236	391.49799999961016	Fe 1	1.1994796521918072	0.03749631102946872
392.03399999959737	391.99799999959833	392.07099999959655	Fe 1	0.4797739501744198	0.03794868419341054
392.2969999995912	392.2589999995921	392.33999999959025	Fe 1	0.4120971575787359	0.0391850168304826
392.7979999995794	392.7549999995804	392.8399999995784	Fe 1	0.3853336785817228	0.040422186852849616
393.03499999957376	392.9469999995758	393.0769999995728	Fe 1	0.3054730605615191	0.041660119657721366
393.3699999995657	393.36099999956605	393.3709999995658	Ti 2	0.023725954272116326	0.042898749210112434
393.83999999955466	393.8099999995554	393.8829999995537	Fe 1	0.9750200539538406	0.04413801685232436
394.4049999995414	394.39599999954163	394.4059999995412	Fe 1	0.7578127406229279	0.04531839657005684
394.5249999995385	394.51599999953874	394.5259999995385	Ti 2	1.241087629136857	0.046374124206586834
395.03899999952637	395.0299999995266	395.03999999952634	Fe2	0.9675267630122526	0.04743077493991366
395.20099999952254	395.1919999995228	395.20199999952246	Fe 1	1.1627408731338504	0.04848828842204416
395.82799999950765	395.8189999995079	395.8289999995077	Fe 1	0.8223944087597961	0.04954660940996607
396.15599999949995	396.1469999995002	396.1569999995	Fe 1	0.5053400979852206	0.05060568724139545
398.98399999943314	398.9749999994333	398.98499999943306	Fe 1	0.9231280329682436	0.0511741009867851
399.9019999994114	399.89299999941164	399.9029999994114	Ti 2	0.9777441284274436	0.04914432245269119
400.5699999993956	400.5659999993957	400.5759999993954	Ca2	0.9392900242007122	0.047114706138407375
401.2469999993797	401.2059999993805	401.28499999937867	Fe2	0.2969963743259021	0.04508527395202186
402.84599999934176	402.8089999993426	402.87599999934105	Al1	0.8311167940337962	0.04305605192995783
403.07999999933617	403.0709999993365	403.08099999933614	Fe2	0.4598378143598808	0.041027071256763824
403.30999999933084	403.301999999331	403.31199999933074	Y2	0.5254708002325381	0.039188537100920816
403.4529999993274	403.4439999993276	403.4539999993274	V2	0.645999871695994	0.04039869423121581
403.5669999993247	403.55799999932486	403.56799999932474	Zr2	0.9135691520488758	0.04160965224735781
404.5899999993005	404.5409999993017	404.63299999929944	Al1	0.10755764392474072	0.04282070558611742
406.3659999992585	406.3119999992598	406.41499999925736	Ca2	0.2229587609597595	0.04403184638222618
407.1829999992392	407.1389999992402	407.21699999923834	Fe 1	0.2665948199937261	0.04524306761207846
417.35499999899866	417.3149999989996	417.3779999989981	Heps	0.5385583904076601	0.04645436298414134
410.16999999916857	410.16899999916865	410.1789999991684	Fe2	0.044781569679307326	0.04674735214657735
417.75699999898916	417.7489999989894	417.7589999989891	Ti 2	0.6473482055456681	0.04700111014148836
417.89199999898597	417.86799999898653	417.9199999989853	V2	0.7309090421335342	0.0472549668129886
420.2099999989312	420.17199999893205	420.2509999989302	Zr2	0.5035683261081019	0.04750892057928813
420.50299999892417	420.49999999892435	420.509999998924	Fe 1	0.7993964065304995	0.04776296989163974
421.5529999988994	421.54699999889954	421.5569999988993	V2	0.0554841882173881	0.04801711323349605
422.6769999988728	422.6679999988729	422.67799999887285	Ti 2	0.01958559849229357	0.05111199847630178
423.3219999988577	423.24899999885935	423.3819999988562	Ti 2	0.33875717043259873	0.05467250929298555
424.6819999988254	424.67799999882556	424.6879999988252	Ti 2	0.13708928131072626	0.05823775476974701
425.0849999988158	425.0429999988169	425.12599999881485	Mn1	0.4482954330713704	0.06180691557528398
425.4389999988075	425.42999999880766	425.43999999880754	Mn1	0.0910715003989083	0.06537935048101089
425.8289999987983	425.7869999987993	425.87499999879714	Mn1	0.6883617563742106	0.06895455060970904
427.18399999876624	427.1389999987673	427.2189999987654	V2	0.1818798093551038	0.06697221590444934
427.48399999875915	427.47499999875936	427.4849999987592	Fe 1	0.10668668418176937	0.06323783953932106
429.41699999871344	429.3479999987151	429.4519999987126	Fe 1	0.14330065544500226	0.0595063980612788
430.0089999986993	429.9749999987002	430.0809999986977	Fe 1	0.17143567120641234	0.05577848048335055
375.90899999997873	375.01	430.84299999867966	Sr2	-0.09818547020633484	0.05205484390537905
431.2899999986692	431.2609999986697	431.3289999986682	Hzeta	0.3742273930870122	0.048336477707554816
432.0789999986505	432.06999999865064	432.0799999986505	Fe2	0.3426275367969962	0.04725076277974558
432.0789999986505	432.06999999865064	432.0799999986505	Ti 2	0.3426275367969962	0.0475205551663371
434.05099999860397	434.04199999860407	434.05199999860383	Y2	0.0588189214625464	0.047790536618299684
434.44399999859456	434.4069999985953	434.4729999985939	Fe2	0.3001195392163664	0.04806070394940399
435.18299999857715	435.138999998578	435.228999998576	Fe 1	0.15869886099856167	0.048331054042494534
438.360999998502	438.314999998503	438.4039999985009	Eu2	0.07630111437728095	0.04860158384768809
439.5079999984748	439.4659999984758	439.5629999984735	Sr2	0.08213770003116053	0.048617067135086726
439.97799999846364	439.94799999846435	440.00699999846296	Ca1	0.4754787175331434	0.04842944336641769
440.03999999846224	440.0309999984625	440.0409999984622	Fe2	0.44427099183666585	0.04824185084050351
440.4839999984517	440.43999999845283	440.52499999845077	Sc2	0.15203242945596834	0.04805428992323707
441.77199999842134	441.74599999842184	441.7999999984206	Fe 1	0.3707448184205521	0.04786676098618395
444.38299999835954	444.34799999836036	444.4459999983581	Cr1	0.1636788777280295	0.04767926440669155
446.8599999983009	446.81399999830205	446.8969999983001	Fe2	0.09878777250933518	0.0474941845101073
450.1309999982237	450.08799999822463	450.1669999982228	Fe 1	0.15310410297507934	0.04730407084595994
452.271999998173	452.2239999981741	452.315999998172	Cr1	0.20450271042794546	0.047114301611242734
453.4009999981463	453.3649999981472	453.4439999981453	Ti 2	0.15044879613233572	0.04692488098468415
454.96299999810935	454.90599999811064	455.0079999981083	Ti 2	0.10923019489456348	0.046735813205019384
455.4069999980989	455.3979999980991	455.40799999809883	Fe 1	0.276338022777342	0.046547102571891895
456.3779999980759	456.3479999980766	456.4319999980747	Ti 2	0.18906083063527326	0.047021611656829006
457.2019999980564	457.1469999980577	457.2479999980553	Ti 2	0.1614743661819912	0.048734351116909054
458.35099999802924	458.3029999980304	458.35199999802916	Ti 2	0.6217279993415332	0.05044752283763679
458.995999998014	458.96199999801485	459.0279999980132	Fe 1	0.5212193343391825	0.05216108422769574
462.93699999792085	462.90999999792143	462.96899999792	Ti 2	0.4083327445658773	0.05387499810534408
