element	wave_A	wave_nm	loggf	lower_state_eV	lower_state_cm1	lower_j	upper_state_eV	upper_state_cm1	upper_j	upper_g	lande_lower	lande_upper	spectrum_transition_type	turbospectrum_rad	rad	stark	waals	waals_single_gamma_format	turbospectrum_fdamp	spectrum_fudge_factor	theoretical_depth	theoretical_ew	lower_orbital_type	upper_orbital_type	molecule	spectrum_synthe_isotope	ion	spectrum_moog_species	turbospectrum_species	width_species	reference_code	spectrum_support	turbospectrum_support	moog_support	width_support	synthe_support	sme_support	wave_peak	wave_base	wave_top	note	peak	base	top	depth	relative_depth	wave_base_fit	wave_top_fit	base_fit	top_fit	mu	sig	A	baseline	gamma	mu_err	fwhm	fwhm_kms	R	depth_fit	relative_depth_fit	integrated_flux	ewr	ew	ew_err	snr	mean_flux	mean_flux_continuum	diff_wavelength	rms	telluric_wave_peak	telluric_fwhm	telluric_R	telluric_depth	grouped	reference_for_group	discarded
Ti 2	3761.321	376.1321	0.180	0.5740	4629.622	2.5	3.8690	31205.590	2.5	6.0	0.860	0.870	GA	1.41E+08	8.150	-6.390	-7.850	-7.850	-7.850	1.000	1.000	453.900	s	p	F	0	2	22.1	22.000000	22.01	WLSC   E 0	T	T	T	F	T	T	376.1320	376.1290	376.1530		1123	1119	1143	0.948	0.741	376.1290	376.1530	1119	1143	376.1413	0.0193	-0.1046	1.000	0.0240	0.0006	0.0763	60.7889	4932	1.001	0.065	0.0905	-3.62	905.4	9.4	40.2	0.769	1.000	0.1155	0.016	0.0000	0.0000	0	0.000	False	False	False
Ti 2	3882.287	388.2287	-1.870	1.1160	9001.147	3.5	4.3080	34746.364	4.5	10.0	0.890	1.110	GA	2.04E+08	8.310	-6.490	-7.820	-7.820	-7.820	1.000	0.880	68.770	d	p	F	0	2	22.1	22.000000	22.01	WLSC   E 0	T	T	T	T	T	T	388.2280	388.2080	388.2650		13219	13198	13255	0.016	-0.190	388.2080	388.2650	13198	13255	388.2310	0.0312	-0.0268	1.000	0.0000	0.0252	0.0736	56.8113	5277	0.342	0.136	0.0268	-4.16	267.8	25.9	83.9	1.202	1.000	0.1875	0.357	0.0000	0.0000	0	0.000	False	False	False
Ti 2	3913.461	391.3461	-0.360	1.1160	9001.147	3.5	4.2830	34544.725	3.5	8.0	0.890	0.890	GA	2.04E+08	8.310	-6.490	-7.820	-7.820	-7.820	1.000	0.950	174.540	d	p	F	0	2	22.1	22.000000	22.01	WLSC   E 0	T	T	T	T	T	T	391.3460	391.3000	391.3490		16337	16290	16339	0.865	0.659	391.3420	391.3490	16332	16339	391.3466	0.0070	-0.0293	1.000	0.0070	0.0141	0.0252	19.2910	15541	0.875	0.077	0.0262	-4.17	261.6	4.8	52.9	0.630	1.000	0.0420	0.007	0.0000	0.0000	0	0.000	False	False	False
Ti 2	4012.384	401.2384	-1.780	0.5740	4629.622	2.5	3.6630	29544.088	2.5	6.0	0.860	0.580	GA	1.66E+08	8.220	-6.390	-7.860	-7.860	-7.860	1.000	0.920	95.020	s	p	F	0	2	22.1	22.000000	22.01	WLSC   E 0	T	T	T	F	T	T	401.2370	401.1880	401.2870		26228	26178	26277	0.635	0.429	401.2370	401.2430	26227	26233	401.2413	0.0060	-0.0196	1.000	0.0060	0.0071	0.0216	16.1274	18589	0.680	0.057	0.0174	-4.36	174.4	4.0	74.5	0.636	1.000	0.0360	0.012	0.0000	0.0000	0	0.000	False	False	False
Ti 2	4161.529	416.1529	-2.090	1.0840	8743.050	2.5	4.0630	32770.305	3.5	8.0	1.210	1.430	GA	2.57E+08	8.410	-6.430	-7.840	-7.840	-7.840	1.000	0.840	63.990	s	p	F	0	2	22.1	22.000000	22.01	WLSC   E 0	T	T	T	T	T	T	416.1520	416.1400	416.1890		41143	41130	41179	0.025	-0.181	416.1510	416.1540	41141	41144	416.1520	0.0030	-0.0003	1.000	0.0030	0.2631	0.0108	7.7748	38560	0.024	0.004	0.0003	-6.13	3.1	2.1	117.1	0.990	1.000	0.0180	0.004	0.0000	0.0000	0	0.000	False	False	False
Ti 2	4173.533	417.3533	-1.880	1.0840	8743.050	2.5	4.0540	32697.715	2.5	6.0	1.210	1.370	GA	2.57E+08	8.410	-6.430	-7.840	-7.840	-7.840	1.000	0.860	72.550	s	p	F	0	2	22.1	22.000000	22.01	WLSC   E 0	T	T	T	T	T	T	417.3540	417.3100	417.3790		42345	42300	42369	0.461	0.255	417.3500	417.3560	42340	42346	417.3535	0.0060	-0.0134	1.000	0.0060	0.0072	0.0216	15.5048	19336	0.465	0.024	0.0119	-4.54	119.2	3.8	95.8	0.774	1.000	0.0360	0.007	0.0000	0.0000	0	0.000	False	False	False
Ti 2	4300.042	430.0042	-0.460	1.1800	9517.342	2.5	4.0630	32770.305	3.5	8.0	1.600	1.430	GA	2.57E+08	8.410	-6.490	-7.840	-7.840	-7.840	1.000	0.930	166.140	d	p	F	0	2	22.1	22.000000	22.01	WLSC   E 0	T	T	T	T	T	T	430.0050	429.9560	430.0550		54996	54946	55045	0.813	0.607	430.0030	430.0100	54993	55000	430.0072	0.0070	-0.0280	1.000	0.0070	0.0043	0.0252	17.5566	17076	0.836	0.041	0.0250	-4.24	250.1	3.6	85.7	0.439	1.000	0.0420	0.016	0.0000	0.0000	0	0.000	False	False	False
Ti 2	4312.860	431.2860	-1.120	1.1800	9517.342	2.5	4.0540	32697.715	2.5	6.0	1.600	1.370	GA	2.57E+08	8.410	-6.500	-7.840	-7.840	-7.840	1.000	0.900	106.350	d	p	F	0	2	22.1	22.000000	22.01	WLSC   E 0	T	T	T	T	T	T	431.2860	431.2370	431.3340		56277	56227	56324	0.605	0.399	431.2840	431.2880	56274	56278	431.2864	0.0040	-0.0118	1.000	0.0040	61475.6898	0.0144	10.0026	29972	0.617	0.032	0.0105	-4.61	105.4	2.4	97.8	0.521	1.000	0.0240	0.015	0.0000	0.0000	0	0.000	False	False	False
Ti 2	4344.281	434.4281	-1.910	1.0840	8743.050	2.5	3.9370	31754.047	1.5	4.0	1.210	0.920	GA	1.45E+08	8.160	-6.430	-7.850	-7.850	-7.850	1.000	0.840	72.310	s	p	F	0	2	22.1	22.000000	22.01	PTP    E 0	T	T	T	T	T	T	434.4290	434.4290	434.4790		59420	59420	59469	0.631	0.425	434.4300	434.4790	59420	59469	434.4412	0.0000	-0.0847	1.000	0.0388	0.0069	0.0777	53.5972	5593	0.694	0.305	0.0000	-11.72	0.0	9.7	93.0	0.418	1.000	0.0490	0.009	0.0000	0.0000	0	0.000	False	False	False
Ti 2	4395.031	439.5031	-0.540	1.0840	8743.050	2.5	3.9040	31487.884	3.5	8.0	1.210	1.150	GA	1.45E+08	8.160	-6.430	-7.850	-7.850	-7.850	1.000	0.920	163.840	s	p	F	0	2	22.1	22.000000	22.01	WLSC   E 0	T	T	T	T	T	T	439.5030	439.4540	439.5530		64494	64444	64543	0.902	0.696	439.5000	439.5060	64490	64496	439.5035	0.0060	-0.0265	1.000	0.0060	0.0160	0.0216	14.7233	20362	0.920	0.045	0.0236	-4.27	236.0	3.8	69.4	0.276	1.000	0.0360	0.018	0.0000	0.0000	0	0.000	False	False	False
Ti 2	4399.765	439.9765	-1.200	1.2370	9977.078	1.5	4.0540	32697.715	2.5	6.0	1.330	1.370	GA	2.57E+08	8.410	-6.500	-7.840	-7.840	-7.840	1.000	0.880	99.840	d	p	F	0	2	22.1	22.000000	22.01	WLSC   E 0	T	T	T	T	T	T	439.9770	439.9410	440.0090		64968	64931	64999	0.525	0.318	439.9750	439.9800	64965	64970	439.9777	0.0050	-0.0126	1.000	0.0050	0.0054	0.0180	12.2562	24460	0.527	0.023	0.0113	-4.59	112.6	2.6	113.1	0.658	1.000	0.0300	0.007	0.0000	0.0000	0	0.000	False	False	False
Ti 2	4417.714	441.7714	-1.190	1.1650	9396.359	1.5	3.9710	32028.275	2.5	6.0	1.740	1.200	GA	1.48E+08	8.170	-6.580	-7.850	-7.850	-7.850	1.000	0.880	102.780	d	p	F	0	2	22.1	22.000000	22.01	PTP    E 0	T	T	T	T	T	T	441.7720	441.7380	441.8140		66763	66728	66804	0.624	0.418	441.7690	441.7760	66759	66766	441.7724	0.0070	-0.0212	1.000	0.0070	0.0056	0.0252	17.0890	17543	0.632	0.025	0.0189	-4.37	189.2	3.9	98.4	0.568	1.000	0.0420	0.008	0.0000	0.0000	0	0.000	False	False	False
Ti 2	4443.801	444.3801	-0.710	1.0800	8710.788	1.5	3.8690	31205.590	2.5	6.0	0.800	0.870	GA	1.41E+08	8.150	-6.430	-7.850	-7.850	-7.850	1.000	0.910	145.750	s	p	F	0	2	22.1	22.000000	22.01	WLSC   E 0	T	T	T	T	T	T	444.3800	444.3400	444.4300		69371	69330	69420	0.827	0.620	444.3780	444.3840	69368	69374	444.3813	0.0060	-0.0244	1.000	0.0060	0.0143	0.0216	14.5617	20588	0.849	0.029	0.0218	-4.31	217.7	4.2	66.2	0.348	1.000	0.0360	0.019	0.0000	0.0000	0	0.000	False	False	False
Ti 2	4468.493	446.8493	-0.630	1.1310	9122.130	4.5	3.9040	31487.884	3.5	8.0	1.110	1.150	GA	1.45E+08	8.160	-6.590	-7.850	-7.850	-7.850	1.000	0.910	149.880	d	p	F	0	2	22.1	22.000000	22.01	WLSC   E 0	T	T	T	T	T	T	446.8490	446.8050	446.8550		71840	71795	71845	0.875	0.669	446.8460	446.8520	71836	71842	446.8496	0.0060	-0.0256	1.000	0.0060	19535.8794	0.0216	14.4813	20702	0.892	0.048	0.0229	-4.29	228.7	4.7	59.1	0.287	1.000	0.0360	0.017	0.0000	0.0000	0	0.000	False	False	False
Ti 2	4501.270	450.1270	-0.770	1.1160	9001.147	3.5	3.8690	31205.590	2.5	6.0	0.890	0.870	GA	1.41E+08	8.150	-6.590	-7.850	-7.850	-7.850	1.000	0.900	137.750	d	p	F	0	2	22.1	22.000000	22.01	WLSC   E 0	T	T	T	T	T	T	450.1270	450.0780	450.1770		75118	75068	75167	0.841	0.635	450.1210	450.1320	75111	75122	450.1275	0.0110	-0.0450	1.000	0.0110	0.0108	0.0396	26.3557	11375	0.855	0.045	0.0402	-4.05	401.8	5.0	92.4	0.443	1.000	0.0660	0.013	0.0000	0.0000	0	0.000	False	False	False
Ti 2	4533.960	453.3960	-0.530	1.2370	9977.078	1.5	3.9710	32028.275	2.5	6.0	1.330	1.200	GA	1.48E+08	8.170	-6.540	-7.850	-7.850	-7.850	1.000	0.910	151.810	d	p	F	0	2	22.1	22.000000	22.01	PTP    E 0	T	T	T	T	T	T	453.3970	453.3560	453.4470		78388	78346	78437	0.826	0.619	453.3960	453.3990	78386	78389	453.3970	0.0030	-0.0123	1.000	0.0030	31043.3322	0.0108	7.1361	42011	0.853	0.041	0.0109	-4.62	109.3	2.7	59.6	0.238	1.000	0.0180	0.038	0.0000	0.0000	0	0.000	False	False	False
Ti 2	4549.622	454.9622	-0.220	1.5840	12775.822	5.5	4.3080	34746.364	4.5	10.0	1.090	1.110	GA	2.04E+08	8.310	-6.490	-7.820	-7.820	-7.820	1.000	0.900	155.650	d	p	F	0	2	22.1	22.000000	22.01	WLSC   E 0	T	T	T	T	T	T	454.9620	454.9600	455.0120		79953	79950	80002	0.891	0.685	454.9610	454.9650	79951	79955	454.9630	0.0040	-0.0175	1.000	0.0040	0.0069	0.0144	9.4820	31617	0.915	0.027	0.0156	-4.46	156.3	4.2	50.4	0.182	1.000	0.0240	0.021	0.0000	0.0000	0	0.000	False	False	False
Ti 2	4563.757	456.3757	-0.690	1.2210	9848.029	0.5	3.9370	31754.047	1.5	4.0	0.660	0.920	GA	1.45E+08	8.160	-6.550	-7.850	-7.850	-7.850	1.000	0.900	137.510	d	p	F	0	2	22.1	22.000000	22.01	PTP    E 0	T	T	T	T	T	T	456.3760	456.3400	456.4260		81367	81330	81416	0.800	0.593	456.3760	456.3800	81366	81370	456.3781	0.0040	-0.0159	1.000	0.0040	0.0045	0.0144	9.4526	31715	0.828	0.033	0.0141	-4.51	141.5	2.7	76.1	0.299	1.000	0.0240	0.016	0.0000	0.0000	0	0.000	False	False	False
Ti 2	4571.971	457.1971	-0.310	1.5720	12679.035	4.5	4.2830	34544.725	3.5	8.0	0.910	0.890	GA	2.04E+08	8.310	-6.490	-7.820	-7.820	-7.820	1.000	0.900	147.190	d	p	F	0	2	22.1	22.000000	22.01	WLSC   E 0	T	T	T	T	T	T	457.1970	457.1970	457.2470		82188	82188	82237	0.835	0.628	457.1980	457.2470	82188	82237	457.2027	0.0213	-0.0757	1.000	0.0166	0.0022	0.0701	45.9698	6522	0.836	0.535	0.0693	-3.82	693.0	8.1	123.0	0.523	1.000	0.1279	0.007	0.0000	0.0000	0	0.000	False	False	False