3931.685777 0.003167
3931.725465 0.003088
3931.765153 0.003003
3931.804840 0.002894
3931.844528 0.002748
3931.884216 0.002615
3931.923903 0.002584
3931.963591 0.002706
3932.003279 0.002854
3932.042967 0.002860
3932.082654 0.002698
3932.122342 0.002576
3932.162030 0.002702
3932.201717 0.002988
3932.241405 0.003138
3932.281093 0.002940
3932.320781 0.002559
3932.360468 0.002265
3932.400156 0.002177
3932.439844 0.002154
3932.479531 0.002041
3932.519219 0.001829
3932.558907 0.001617
3932.598595 0.001497
3932.638282 0.001522
3932.677970 0.001732
3932.717658 0.002063
3932.757345 0.002270
3932.797033 0.002108
3932.836721 0.001655
3932.876409 0.001230
3932.916096 0.001093
3932.955784 0.001208
3932.995472 0.001450
3933.035159 0.001735
3933.074847 0.002050
3933.114535 0.002394
3933.154222 0.002798
3933.193910 0.003316
3933.233598 0.003974
3933.273286 0.004632
3933.312973 0.005104
3933.352661 0.005293
3933.392349 0.005265
3933.432036 0.005105
3933.471724 0.004890
3933.511412 0.004693
3933.551100 0.004553
3933.590787 0.004361
3933.630475 0.003964
3933.670163 0.003357
3933.709850 0.002808
3933.749538 0.002600
3933.789226 0.002717
3933.828914 0.002917
3933.868601 0.003010
3933.908289 0.003100
3933.947977 0.003378
3933.987664 0.003862
3934.027352 0.004247
3934.067040 0.004223
3934.106728 0.003903
3934.146415 0.003730
3934.186103 0.004039
3934.225791 0.004609
3934.265478 0.005052
3934.305166 0.005193
3934.344854 0.005250
3934.384542 0.005463
3934.424229 0.005784
3934.463917 0.005947
3934.503605 0.005736
3934.543292 0.005204
3934.582980 0.004481
3934.622668 0.003704
3934.662356 0.003012
3934.702043 0.002538
3934.741731 0.002315
3934.781419 0.002298
3934.821106 0.002434
3934.860794 0.002637
3934.900482 0.002811
3934.940169 0.002885
3934.979857 0.002836
3935.019545 0.002650
3935.059233 0.002377
3935.098920 0.002113
3935.138608 0.001930
3935.178296 0.001801
3935.217983 0.001670
3935.257671 0.001525
3935.297359 0.001431
3935.337047 0.001456
3935.376734 0.001604
3935.416422 0.001838
3935.456110 0.002116
3935.495797 0.002378
3935.535485 0.002560
3935.575173 0.002640
3935.614861 0.002658
