lambda	loggf	ewr1	ewr2
3685.19	0.2	-3.71	-3.65
3076.22	-0.6	-4.38
3741.63	-0.14	-4.17	-3.94
3757.68	-0.49	-4.37
3759.29	0.22	-3.7	-3.68
3761.32	0.12	-3.72	-3.7
3776.06	-1.37	-5.07
3786.33	-2	-4.95
3813.39	-1.99	-4.54	-4.02
3814.58	-1.69	-4.34	-3.95
3882.28	-1.71	-4.99	-4.15
3900.55	-0.45	-3.97	-3.74
3913.46	-0.53	-4.02	-3.85
3932.01	-1.78	-4.71
4287.89	-2.01	-4.86	-4.09
4290.22	-1.1	-4.27
4300.05	-0.75	-4.06
4312.86	-1.31	-4.37	-4.06
4314.98	-1.41	-4.44	-3.85
4337.92	-1.12	-4.23
4344.29	-2.08	-4.89	-3.95
4394.06	-1.87	-4.95	-4.29
4399.77	-1.45	-4.48	-4.14
4417.72	-1.42	-4.45	-4.13
4443.8	-0.81	-4.07
4450.49	-1.59	-4.53
4464.46	-2.07	-5.03	-4.06
4468.49	-0.77	-4.02	-3.96
4501.27	-0.86	-4.1	-4.07
4533.97	-0.76	-4.15	-4.08
4563.76	-0.95	-4.23	-4.13
4571.97	-0.53	-4.16	-3.97
